100000000,    1,   3.1416149600, 7.10e-06,   1.2856
100000000,    2,   3.1417022800, 3.49e-05,   0.6496
100000000,    4,   3.1415910800, 5.01e-07,   0.3263
100000000,    8,   3.1415947600, 6.70e-07,   0.1656
100000000,   16,   3.1415291200, 2.02e-05,   0.0871
100000000,   32,   3.1415901200, 8.06e-07,   0.0472
100000000,   64,   3.1413512400, 7.68e-05,   0.0412
100000000,  128,   3.1429299200, 4.26e-04,   0.0361
100000000,  256,   3.1412995200, 9.33e-05,   0.0358
100000000,  512,   3.1468450800, 1.67e-03,   0.0365
100000000, 1024,   3.1514026000, 3.12e-03,   0.0447
100000000, 2048,   3.1453611600, 1.20e-03,   0.0683
100000000, 4096,   3.1494162400, 2.49e-03,   0.1274
100000000, 8192,   3.1377031200, 1.24e-03,   0.2619
10000000000,    1,   1.4236202260, 5.47e-01, 127.8983
10000000000,    2,   3.1416070092, 4.57e-06,  64.0376
10000000000,    4,   3.1416060276, 4.26e-06,  32.0286
10000000000,    8,   3.1416118228, 6.10e-06,  16.0294
10000000000,   16,   3.1416066896, 4.47e-06,   8.0248
10000000000,   32,   3.1416332068, 1.29e-05,   4.0198
10000000000,   64,   3.1416139092, 6.77e-06,   3.1523
10000000000,  128,   3.1415943424, 5.38e-07,   2.8064
10000000000,  256,   3.1416473120, 1.74e-05,   2.7109
10000000000,  512,   3.1415762012, 5.24e-06,   2.6911
10000000000, 1024,   3.1414319268, 5.12e-05,   2.6929
10000000000, 2048,   3.1412588724, 1.06e-04,   2.7043
10000000000, 4096,   3.1407169720, 2.79e-04,   2.7235
10000000000, 8192,   3.1412633928, 1.05e-04,   2.7628
1000,   48,   2.9920000000, 4.76e-02,   0.0017
10000,   48,   3.1732000000, 1.01e-02,   0.0013
100000,   48,   3.1550800000, 4.29e-03,   0.0014
1000000,   48,   3.1453960000, 1.21e-03,   0.0025
10000000,   48,   3.1456372000, 1.29e-03,   0.0086
100000000,   48,   3.1409400400, 2.08e-04,   0.0320
1000000000,   48,   3.1416179080, 8.04e-06,   0.2719
