10000000000, 1, 3.1415926535894507, 1.09e-13, 150.4012
10000000000, 4, 3.1415926535897554, 1.20e-14,  41.4073
10000000000, 8, 3.1415926535898286, 1.13e-14,  20.7174
10000000000, 16, 3.1415926535897767, 5.23e-15,  10.3596
10000000000, 32, 3.1415926535898047, 3.68e-15,   5.2021
10000000000, 64, 3.1415926535897745, 5.94e-15,   2.5914
1000000000, 64, 3.1415926535898087, 4.95e-15,   0.2597
10000000, 64, 3.1415926535897949, 5.65e-16,   0.0034
100000, 64, 3.1415926535981273, 2.65e-12,   0.0025
1000, 64, 3.1415927369231262, 2.65e-08,   0.0004
100, 64, 3.1416009869231249, 2.65e-06,   0.0011
10000, 64, 3.1415926544231265, 2.65e-10,   0.0025
1000000, 64, 3.1415926535898753, 2.62e-14,   0.0007
100000000, 64, 3.1415926535897940, 2.83e-16,   0.0269
100, 1, 3.1416009869231254, 2.65e-06,   0.0001
10000, 1, 3.1415926544231341, 2.65e-10,   0.0002
1000000, 1, 3.1415926535897643, 9.19e-15,   0.0166
100000000, 1, 3.1415926535904264, 2.02e-13,   1.5076
