100000000, 1, 3.1415926535904264, 2.02e-13,   1.4983
100000000, 2, 3.1415926535900223, 7.29e-14,   0.8253
100000000, 4, 3.1415926535902168, 1.35e-13,   0.4218
100000000, 8, 3.1415926535896137, 5.71e-14,   0.2173
100000000, 16, 3.1415926535897754, 5.65e-15,   0.1177
100000000, 32, 3.1415926535897736, 6.22e-15,   0.0792
100000000, 64, 3.1415926535897940, 2.83e-16,   0.0267
100, 64, 3.1416009869231249, 2.65e-06,   0.0004
10000, 64, 3.1415926544231265, 2.65e-10,   0.0004
1000000, 64, 3.1415926535898753, 2.62e-14,   0.0006
100000000, 64, 3.1415926535897940, 2.83e-16,   0.0267
100, 1, 3.1416009869231254, 2.65e-06,   0.0001
10000, 1, 3.1415926544231341, 2.65e-10,   0.0002
1000000, 1, 3.1415926535897643, 9.19e-15,   0.0152
100000000, 1, 3.1415926535904264, 2.02e-13,   1.4987
